5.000000000000000417e-31
5.035175879396985450e-31
5.070351758793969607e-31
5.105527638190954640e-31
5.140703517587940549e-31
5.175879396984925583e-31
5.211055276381909740e-31
5.246231155778894773e-31
5.281407035175879806e-31
5.316582914572863964e-31
5.351758793969849873e-31
5.386934673366834906e-31
5.422110552763819939e-31
5.457286432160804096e-31
5.492462311557789130e-31
5.527638190954774163e-31
5.562814070351760072e-31
5.597989949748744229e-31
5.633165829145729262e-31
5.668341708542714295e-31
5.703517587939698453e-31
5.738693467336683486e-31
5.773869346733669395e-31
5.809045226130654428e-31
5.844221105527638586e-31
5.879396984924623619e-31
5.914572864321608652e-31
5.949748743718592809e-31
5.984924623115577842e-31
6.020100502512563751e-31
6.055276381909548785e-31
6.090452261306532942e-31
6.125628140703517975e-31
6.160804020100503008e-31
6.195979899497488042e-31
6.231155778894473075e-31
6.266331658291458108e-31
6.301507537688443141e-31
6.336683417085427298e-31
6.371859296482412332e-31
6.407035175879397365e-31
6.442211055276381522e-31
6.477386934673367431e-31
6.512562814070352464e-31
6.547738693467336622e-31
6.582914572864321655e-31
6.618090452261306688e-31
6.653266331658292597e-31
6.688442211055276754e-31
6.723618090452261788e-31
6.758793969849246821e-31
6.793969849246230978e-31
6.829145728643216011e-31
6.864321608040201045e-31
6.899497487437186954e-31
6.934673366834171111e-31
6.969849246231156144e-31
7.005025125628141177e-31
7.040201005025125335e-31
7.075376884422111244e-31
7.110552763819096277e-31
7.145728643216081310e-31
7.180904522613065467e-31
7.216080402010050501e-31
7.251256281407035534e-31
7.286432160804019691e-31
7.321608040201004724e-31
7.356783919597990633e-31
7.391959798994975666e-31
7.427135678391959824e-31
7.462311557788944857e-31
7.497487437185929890e-31
7.532663316582915799e-31
7.567839195979899957e-31
7.603015075376884990e-31
7.638190954773870023e-31
7.673366834170854180e-31
7.708542713567839213e-31
7.743718592964824247e-31
7.778894472361808404e-31
7.814070351758794313e-31
7.849246231155779346e-31
7.884422110552764379e-31
7.919597989949749413e-31
7.954773869346734446e-31
7.989949748743719479e-31
8.025125628140704512e-31
8.060301507537689545e-31
8.095477386934672827e-31
8.130653266331657860e-31
8.165829145728642893e-31
8.201005025125627926e-31
8.236180904522612960e-31
8.271356783919597993e-31
8.306532663316583026e-31
8.341708542713568059e-31
8.376884422110553092e-31
8.412060301507538125e-31
8.447236180904523159e-31
8.482412060301508192e-31
8.517587939698493225e-31
8.552763819095478258e-31
8.587939698492461540e-31
8.623115577889446573e-31
8.658291457286431606e-31
8.693467336683418391e-31
8.728643216080401672e-31
8.763819095477386706e-31
8.798994974874373490e-31
8.834170854271358524e-31
8.869346733668341805e-31
8.904522613065326838e-31
8.939698492462311871e-31
8.974874371859296905e-31
9.010050251256281938e-31
9.045226130653266971e-31
9.080402010050250253e-31
9.115577889447235286e-31
9.150753768844222071e-31
9.185929648241207104e-31
9.221105527638190385e-31
9.256281407035177170e-31
9.291457286432162203e-31
9.326633165829147236e-31
9.361809045226130518e-31
9.396984924623115551e-31
9.432160804020100584e-31
9.467336683417085618e-31
9.502512562814070651e-31
9.537688442211055684e-31
9.572864321608040717e-31
9.608040201005025750e-31
9.643216080402010783e-31
9.678391959798995817e-31
9.713567839195980850e-31
9.748743718592965883e-31
9.783919597989950916e-31
9.819095477386935949e-31
9.854271356783919231e-31
9.889447236180904264e-31
9.924623115577889297e-31
9.959798994974874330e-31
9.994974874371859364e-31
1.003015075376884440e-30
1.006532663316583118e-30
1.010050251256281271e-30
1.013567839195979950e-30
1.017085427135678453e-30
1.020603015075376956e-30
1.024120603015075460e-30
1.027638190954773963e-30
1.031155778894472466e-30
1.034673366834170794e-30
1.038190954773869473e-30
1.041708542713567801e-30
1.045226130653266479e-30
1.048743718592964808e-30
1.052261306532663486e-30
1.055778894472361639e-30
1.059296482412060318e-30
1.062814070351758821e-30
1.066331658291457324e-30
1.069849246231155828e-30
1.073366834170854331e-30
1.076884422110552834e-30
1.080402010050251338e-30
1.083919597989950016e-30
1.087437185929648169e-30
1.090954773869346847e-30
1.094472361809045176e-30
1.097989949748743854e-30
1.101507537688442182e-30
1.105025125628140861e-30
1.108542713567839189e-30
1.112060301507537692e-30
1.115577889447236196e-30
1.119095477386934699e-30
1.122613065326633202e-30
1.126130653266331705e-30
1.129648241206030384e-30
1.133165829145728537e-30
1.136683417085427215e-30
1.140201005025125544e-30
1.143718592964824222e-30
1.147236180904522550e-30
1.150753768844221229e-30
1.154271356783919732e-30
1.157788944723618060e-30
1.161306532663316564e-30
1.164824120603015067e-30
1.168341708542713570e-30
1.171859296482412073e-30
1.175376884422110752e-30
1.178894472361808905e-30
1.182412060301507759e-30
1.185929648241205912e-30
1.189447236180904590e-30
1.192964824120603093e-30
1.196482412060301597e-30
1.200000000000000100e-30
