9.814627256470430027e-07
9.913266726384706929e-07
1.001190619629898171e-06
1.011054566621325650e-06
1.020918513612753128e-06
1.030782460604180819e-06
1.040646407595608509e-06
1.050510354587035987e-06
1.060374301578463466e-06
1.070238248569891156e-06
1.080102195561318635e-06
1.089966142552746325e-06
1.099830089544173803e-06
1.109694036535601282e-06
1.119557983527028972e-06
1.129421930518456450e-06
1.139285877509884141e-06
1.149149824501311831e-06
1.159013771492739098e-06
1.168877718484166788e-06
1.178741665475594266e-06
1.188605612467021957e-06
1.198469559458449647e-06
1.208333506449876914e-06
1.218197453441304604e-06
1.228061400432732082e-06
1.237925347424159773e-06
1.247789294415587463e-06
1.257653241407014729e-06
1.267517188398442420e-06
1.277381135389870110e-06
1.287245082381297588e-06
1.297109029372725279e-06
1.306972976364152545e-06
1.316836923355580236e-06
1.326700870347007926e-06
1.336564817338435404e-06
1.346428764329863095e-06
1.356292711321290361e-06
1.366156658312718263e-06
1.376020605304145742e-06
1.385884552295573220e-06
1.395748499287000911e-06
1.405612446278428389e-06
1.415476393269856079e-06
1.425340340261283558e-06
1.435204287252711036e-06
1.445068234244138726e-06
1.454932181235566205e-06
1.464796128226993895e-06
1.474660075218421374e-06
1.484524022209849064e-06
1.494387969201276542e-06
1.504251916192704021e-06
1.514115863184131711e-06
1.523979810175559190e-06
1.533843757166986880e-06
1.543707704158414358e-06
1.553571651149841837e-06
1.563435598141269527e-06
1.573299545132697005e-06
1.583163492124124696e-06
1.593027439115552174e-06
1.602891386106979653e-06
1.612755333098407555e-06
1.622619280089834821e-06
1.632483227081262512e-06
1.642347174072689990e-06
1.652211121064117469e-06
1.662075068055545371e-06
1.671939015046972637e-06
1.681802962038400328e-06
1.691666909029828018e-06
1.701530856021255285e-06
1.711394803012683187e-06
1.721258750004110453e-06
1.731122696995538143e-06
1.740986643986965834e-06
1.750850590978393312e-06
1.760714537969821002e-06
1.770578484961248269e-06
1.780442431952675959e-06
1.790306378944103650e-06
1.800170325935531128e-06
1.810034272926958818e-06
1.819898219918386297e-06
1.829762166909813775e-06
1.839626113901241466e-06
1.849490060892668944e-06
1.859354007884096634e-06
1.869217954875524113e-06
1.879081901866951591e-06
1.888945848858379281e-06
1.898809795849806760e-06
1.908673742841234450e-06
1.918537689832661929e-06
1.928401636824089407e-06
1.938265583815516886e-06
1.948129530806944788e-06
1.957993477798372266e-06
1.967857424789799745e-06
1.977721371781227223e-06
1.987585318772655125e-06
1.997449265764082604e-06
2.007313212755510082e-06
2.017177159746937560e-06
2.027041106738365039e-06
2.036905053729792941e-06
2.046769000721220419e-06
2.056632947712647898e-06
2.066496894704075376e-06
2.076360841695502855e-06
2.086224788686930757e-06
2.096088735678358235e-06
2.105952682669785714e-06
2.115816629661213192e-06
2.125680576652640671e-06
2.135544523644068573e-06
2.145408470635496051e-06
2.155272417626923530e-06
2.165136364618351008e-06
2.175000311609778487e-06
2.184864258601206389e-06
2.194728205592634291e-06
2.204592152584061346e-06
2.214456099575488824e-06
2.224320046566916303e-06
2.234183993558344205e-06
2.244047940549772107e-06
2.253911887541199162e-06
2.263775834532626640e-06
2.273639781524054119e-06
2.283503728515482021e-06
2.293367675506909923e-06
2.303231622498336978e-06
2.313095569489764456e-06
2.322959516481191934e-06
2.332823463472619836e-06
2.342687410464047738e-06
2.352551357455474793e-06
2.362415304446902272e-06
2.372279251438329750e-06
2.382143198429757652e-06
2.392007145421185554e-06
2.401871092412613033e-06
2.411735039404040088e-06
2.421598986395467566e-06
2.431462933386895468e-06
2.441326880378323370e-06
2.451190827369750849e-06
2.461054774361177904e-06
2.470918721352605806e-06
2.480782668344033284e-06
2.490646615335461186e-06
2.500510562326888665e-06
2.510374509318315720e-06
2.520238456309743622e-06
2.530102403301171100e-06
2.539966350292599002e-06
2.549830297284026481e-06
2.559694244275453536e-06
2.569558191266881438e-06
2.579422138258308916e-06
2.589286085249736818e-06
2.599150032241164297e-06
2.609013979232591352e-06
2.618877926224019254e-06
2.628741873215446732e-06
2.638605820206874634e-06
2.648469767198302112e-06
2.658333714189729591e-06
2.668197661181157069e-06
2.678061608172584548e-06
2.687925555164012450e-06
2.697789502155439928e-06
2.707653449146867407e-06
2.717517396138294885e-06
2.727381343129722364e-06
2.737245290121150266e-06
2.747109237112577744e-06
2.756973184104005223e-06
2.766837131095432701e-06
2.776701078086860180e-06
2.786565025078288082e-06
2.796428972069715560e-06
2.806292919061143039e-06
2.816156866052570517e-06
2.826020813043997996e-06
2.835884760035425898e-06
2.845748707026853376e-06
2.855612654018280855e-06
2.865476601009708757e-06
2.875340548001135812e-06
2.885204494992563714e-06
2.895068441983991192e-06
2.904932388975418671e-06
2.914796335966846573e-06
2.924660282958274051e-06
2.934524229949701530e-06
2.944388176941129008e-06
