5.000000000000000000e-01 1.000000000000000222e+00 9.999999999998164801e-01
5.999999999999999778e-01 1.000000000000000222e+00 9.999999999998164801e-01
6.999999999999999556e-01 1.000000000000000000e+00 9.999999999998164801e-01
7.999999999999999334e-01 1.000000000000000000e+00 9.999999999998164801e-01
8.999999999999999112e-01 9.999999999999992228e-01 9.999999999998155920e-01
9.999999999999998890e-01 9.999999999998773204e-01 9.999999999996939115e-01
1.099999999999999867e+00 9.999999999882628332e-01 9.999999999880903045e-01
1.199999999999999734e+00 9.999999991339710848e-01 9.999999991343114791e-01
1.299999999999999822e+00 9.999999497151504935e-01 9.999999497401268478e-01
1.399999999999999911e+00 9.999977961998589571e-01 9.999977972274086691e-01
1.499999999999999778e+00 9.999349573806307623e-01 9.999349847353378173e-01
1.599999999999999645e+00 9.988471788612327540e-01 9.988475962538626574e-01
1.699999999999999734e+00 9.883858016483102471e-01 9.883892317819842344e-01
1.799999999999999822e+00 9.332870817203972047e-01 9.333021363646226698e-01
1.899999999999999689e+00 7.720926885175193322e-01 7.721286855129098070e-01
1.999999999999999556e+00 5.029602556555907711e-01 5.030087096153016413e-01
2.099999999999999645e+00 2.380595479755638344e-01 2.380976898465917702e-01
2.199999999999999734e+00 7.887116253660245158e-02 7.888945641656838759e-02
2.299999999999999822e+00 1.825107409859200169e-02 1.825665996295409640e-02
2.399999999999999467e+00 3.017507428535313140e-03 3.018646822397049161e-03
2.499999999999999556e+00 3.719094958663894733e-04 3.720736071557567150e-04
2.599999999999999645e+00 3.632012203348375276e-05 3.633796271606267949e-05
2.699999999999999289e+00 3.035425796935263459e-06 3.037011488923293077e-06
2.799999999999999378e+00 2.356593027192915807e-07 2.357851000347841049e-07
2.899999999999999467e+00 1.817853664403316464e-08 1.818813297399465570e-08
2.999999999999999556e+00 1.448051875406884102e-09 1.448756382523490310e-09
3.099999999999999645e+00 1.207780633969393885e-10 1.208232871656064378e-10
3.199999999999999289e+00 1.056794412544145945e-11 1.057115228522469306e-11
3.299999999999999378e+00 9.684414420845284697e-13 9.687909540101464650e-13
3.399999999999999467e+00 9.274006688441295578e-14 9.268832991378235449e-14
3.499999999999999112e+00 9.260557320132540106e-15 9.261129051693088032e-15
3.599999999999999201e+00 9.624972612453120569e-16 9.547239576333898099e-16
3.699999999999999289e+00 1.043346317808427117e-16 2.080238688341328730e-16
3.799999999999999378e+00 1.255316224188024613e-17 2.257352606188714617e-17
3.899999999999999467e+00 3.089201098549624164e-18 -8.101625373416255260e-18
3.999999999999999112e+00 3.299502405634922762e-18 1.185481126014308318e-17
4.099999999999999645e+00 5.469301351260062051e-18 3.886770490871506283e-18
4.199999999999999289e+00 9.155524294884447197e-18 -9.229431235101870437e-18
4.299999999999998934e+00 1.491477177488318099e-17 -5.306328740712651754e-17
4.399999999999998579e+00 2.363892498461058095e-17 3.442094162388756884e-17
4.499999999999999112e+00 3.653040385779907554e-17 7.791752849113588817e-18
4.599999999999998757e+00 5.515908114082420660e-17 5.861434864933740253e-17
4.699999999999999289e+00 8.153568252589294467e-17 1.924196798906244353e-18
4.799999999999998934e+00 1.181938038043844742e-16 -8.667473531922310072e-17
4.899999999999998579e+00 1.682790887365236786e-16 2.761718585057223744e-17
