6.626070039125928182e-32 9.999676401435934059e-01 9.999965680062566920e-01
1.054762169493515005e-31 9.999482522078475544e-01 9.999848124725919662e-01
1.446917335074437300e-31 9.998625911704124292e-01 9.999121640980528358e-01
1.839072500655359596e-31 9.995400394528003440e-01 9.996069619228469261e-01
2.231227666236281892e-31 9.985431256183423532e-01 9.986241237164041884e-01
2.623382831817203750e-31 9.959613678829067895e-01 9.960407394023198524e-01
3.015537997398126484e-31 9.902274506564732182e-01 9.902834991603450820e-01
3.407693162979048342e-31 9.790902985412779369e-01 9.791116213889320408e-01
3.799848328559971075e-31 9.598575435544242085e-01 9.598536538151295483e-01
4.192003494140892933e-31 9.299061098709677786e-01 9.298997828319564007e-01
4.584158659721815229e-31 8.873212400131972322e-01 8.873299614031208149e-01
4.976313825302736649e-31 8.314542688516237678e-01 8.314800771527420808e-01
5.368468990883659821e-31 7.632211211057752243e-01 7.632564452614802875e-01
5.760624156464581241e-31 6.850581191199374143e-01 6.850967567467644015e-01
6.152779322045504412e-31 6.005565372128026658e-01 6.005972732310203011e-01
6.544934487626425832e-31 5.138836548358312051e-01 5.139266955399282022e-01
6.937089653207348128e-31 4.291477251065343723e-01 4.291915791180484496e-01
7.329244818788271300e-31 3.498600775393694295e-01 3.499021628189051825e-01
7.721399984369193596e-31 2.785926801088872140e-01 2.786310446656846684e-01
8.113555149950116767e-31 2.168555129721678743e-01 2.168892343269192835e-01
8.505710315531039063e-31 1.651599834996900218e-01 1.651886845459009656e-01
8.897865481111959607e-31 1.232058492188794208e-01 1.232294424870924721e-01
9.290020646692881903e-31 9.012458373769327569e-02 9.014331000004524586e-02
9.682175812273804199e-31 6.472285269516443729e-02 6.473723973469576454e-02
1.007433097785472649e-30 4.568857854527757362e-02 4.569928451774177280e-02
1.046648614343565054e-30 3.174222280538363528e-02 3.174991565248096864e-02
1.085864130901657109e-30 2.173189953208030933e-02 2.173720542300440831e-02
1.125079647459749338e-30 1.468059789179441965e-02 1.468407245736128887e-02
1.164295164017841568e-30 9.797892133941244266e-03 9.800000232945044881e-03
1.203510680575933797e-30 6.468773798049716299e-03 6.469885979681859814e-03
1.242726197134026027e-30 4.230266249448666471e-03 4.230668371020026262e-03
1.281941713692118257e-30 2.743609093219929757e-03 2.743515883076945525e-03
1.321157230250210486e-30 1.766980551665452712e-03 1.766549487607697779e-03
1.360372746808302541e-30 1.131444508668777568e-03 1.130789395911678541e-03
1.399588263366394770e-30 7.211915251100196357e-04 7.203947524056206241e-04
1.438803779924487175e-30 4.581317735098025643e-04 4.572545308193120997e-04
1.478019296482579404e-30 2.903602771882667836e-04 2.894507267032986808e-04
1.517234813040671634e-30 1.838012953983618968e-04 1.829005931901114791e-04
1.556450329598763864e-30 1.163188968944096999e-04 1.154644458473324734e-04
1.595665846156856093e-30 7.366002492358115290e-05 7.288521307505651809e-05
1.634881362714948323e-30 4.671356356368697372e-05 4.604423705161335287e-05
1.674096879273040552e-30 2.968868078808562509e-05 2.913868280227365970e-05
1.713312395831132432e-30 1.892077910425746305e-05 1.849002920461368009e-05
1.752527912389225012e-30 1.209781993889204061e-05 1.177460073202842516e-05
1.791743428947317241e-30 7.763771096303781030e-06 7.529751950961055304e-06
1.830958945505409471e-30 5.002345917060773729e-06 4.837631409974119200e-06
1.870174462063501700e-30 3.236770715962265683e-06 3.123287883404733949e-06
1.909389978621593930e-30 2.103571850912640543e-06 2.026588440264424836e-06
1.948605495179686159e-30 1.373259573370672671e-06 1.321593252339813586e-06
1.987821011737778389e-30 9.005705155786094624e-07 8.661355625114932267e-07
