1.987821011737778126e-31 9.992691182882754708e-01 9.980604301846205395e-01
2.217705074319698350e-31 9.985869307899536418e-01 9.966238972660564910e-01
2.447589136901618135e-31 9.973873035463898251e-01 9.956622865420812207e-01
2.677473199483537920e-31 9.953905625350741859e-01 9.932588784641813717e-01
2.907357262065458143e-31 9.922312242087726331e-01 9.896641623393380716e-01
3.137241324647378367e-31 9.874609337441498935e-01 9.844277685219653407e-01
3.367125387229298152e-31 9.805636164752620232e-01 9.771424455319901448e-01
3.597009449811217937e-31 9.709832755493978951e-01 9.673048584144126050e-01
3.826893512393138160e-31 9.581625039342074324e-01 9.544880683059508986e-01
4.056777574975058384e-31 9.415876712239392710e-01 9.381087025326437789e-01
4.286661637556978169e-31 9.208354394877162896e-01 9.176506565203255139e-01
4.516545700138897954e-31 8.956150177623961595e-01 8.928375763428793022e-01
4.746429762720817740e-31 8.658012973702947646e-01 8.634733100263506378e-01
4.976313825302736649e-31 8.314553890162961203e-01 8.295570790423058005e-01
5.206197887884657310e-31 7.928307151147343523e-01 7.912988788955561681e-01
5.436081950466577971e-31 7.503644037087564556e-01 7.490636124337155533e-01
5.665966013048497757e-31 7.046551445810192993e-01 7.035976567390853642e-01
5.895850075630417542e-31 6.564298654594642457e-01 6.555693288751405223e-01
6.125734138212337327e-31 6.065025338020408885e-01 6.057485554221768709e-01
6.355618200794257113e-31 5.557290042024574106e-01 5.551398372104814349e-01
6.585502263376176898e-31 5.049620013135910357e-01 5.044356041542229496e-01
6.815386325958096683e-31 4.550099886348464850e-01 4.546188483874515351e-01
7.045270388540018220e-31 4.066028733069503853e-01 4.063112984526004445e-01
7.275154451121938006e-31 3.603664052657037375e-01 3.600813929494613985e-01
7.505038513703857791e-31 3.168059769506590961e-01 3.165827538346979164e-01
7.734922576285777576e-31 2.762995252115914568e-01 2.760509337859122780e-01
7.964806638867697362e-31 2.390985018337599965e-01 2.388960624870911376e-01
8.194690701449617147e-31 2.053354362031584168e-01 2.051003936051326304e-01
8.424574764031536932e-31 1.750364186103532671e-01 1.748457807302693512e-01
8.654458826613458469e-31 1.481368195270933719e-01 1.479158955813439646e-01
8.884342889195378254e-31 1.244986734305510989e-01 1.243193032488242450e-01
9.114226951777298040e-31 1.039283582901338182e-01 1.037203540856329737e-01
9.344111014359217825e-31 8.619346607274834537e-02 8.602059224498687096e-02
9.573995076941137610e-31 7.103805685593092556e-02 7.083968922798004886e-02
9.803879139523057396e-31 5.819578700385900222e-02 5.796342238138638137e-02
1.003376320210497543e-30 4.740066995458106641e-02 4.721219551717162344e-02
1.026364726468689521e-30 3.839544560681620172e-02 3.818177303871114758e-02
1.049353132726881675e-30 3.093769328062941082e-02 3.069175437476081431e-02
1.072341538985073654e-30 2.480392701938348779e-02 2.460909329554078137e-02
1.095329945243265632e-30 1.979196977073071836e-02 1.957457369050856141e-02
1.118318351501457611e-30 1.572192506480404178e-02 1.547693917178037844e-02
1.141306757759649589e-30 1.243606030227298320e-02 1.224408662137159952e-02
1.164295164017841568e-30 9.797892294269859234e-03 9.589348438761583632e-03
1.187283570276033546e-30 7.690729941595951698e-03 7.464088900371449072e-03
1.210271976534225700e-30 6.015886900273557762e-03 5.839710196431317953e-03
1.233260382792417679e-30 4.690733809729536775e-03 4.507254097875980359e-03
1.256248789050609657e-30 3.646718868588238408e-03 3.457289871928445786e-03
1.279237195308801636e-30 2.827449458313982793e-03 2.682619500813606100e-03
1.302225601566993614e-30 2.186897108718259802e-03 1.997073692827781941e-03
1.325214007825185593e-30 1.687763504229696301e-03 1.513374781464244933e-03
