5.000000000000000000e-01 9.953095078738908308e-01 9.978881481330493797e-01 9.953656757976669933e-01
5.999999999999999778e-01 9.955815045502562910e-01 9.986424103921530682e-01 9.956337702842619208e-01
6.999999999999999556e-01 9.966151270273289065e-01 9.996555233766430959e-01 9.966548458102144625e-01
7.999999999999999334e-01 9.976286772503092370e-01 9.998900054854625852e-01 9.976553384056270346e-01
8.999999999999999112e-01 9.967575408474897980e-01 9.973034652008957446e-01 9.967882575512609922e-01
9.999999999999998890e-01 9.906096665139558777e-01 9.885057336925349158e-01 9.906904110047126677e-01
1.099999999999999867e+00 9.740245066855790501e-01 9.686099871529588734e-01 9.742380366917935408e-01
1.199999999999999734e+00 9.405295227576341288e-01 9.316962123059970846e-01 9.409892491004505644e-01
1.299999999999999822e+00 8.840569771655992781e-01 8.724047654906191829e-01 8.848748673027779788e-01
1.399999999999999911e+00 8.018657077281560186e-01 7.886867448111789525e-01 8.030965630220746609e-01
1.499999999999999778e+00 6.972421883530003361e-01 6.843845342918302155e-01 6.988347355849424680e-01
1.599999999999999645e+00 5.797233808017862033e-01 5.692702972674810180e-01 5.815204523711074991e-01
1.699999999999999734e+00 4.619567310199335086e-01 4.556052575272895866e-01 4.637541545460333037e-01
1.799999999999999822e+00 3.550872109721386893e-01 3.535061609624517431e-01 3.567112123447575556e-01
1.899999999999999689e+00 2.656521232078554173e-01 2.683407582470019315e-01 2.670052746118817821e-01
1.999999999999999556e+00 1.952723059357815982e-01 2.009917796526690670e-01 1.963334139254950261e-01
2.099999999999999645e+00 1.422194556860652825e-01 1.495871848421861661e-01 1.430168577971369370e-01
2.199999999999999734e+00 1.033019154275538060e-01 1.111861440038827836e-01 1.038846410886193061e-01
2.299999999999999822e+00 7.517704664392502178e-02 8.282320437465032215e-02 7.559572035590207684e-02
2.399999999999999467e+00 5.497582727045062512e-02 6.196633017637209057e-02 5.527383201821253061e-02
2.499999999999999556e+00 4.046858074440115582e-02 4.662610682674883655e-02 4.067976756828031726e-02
2.599999999999999645e+00 3.001302596658651442e-02 3.530815753551951736e-02 3.016248374659773537e-02
2.699999999999999289e+00 2.243356567328239071e-02 2.691680118836664234e-02 2.253936743423138461e-02
2.799999999999999378e+00 1.690013809445520959e-02 2.065829593556767207e-02 1.697510868496271766e-02
2.899999999999999467e+00 1.282943866420873519e-02 1.596029197722180493e-02 1.288261559293447066e-02
2.999999999999999556e+00 9.811285497483560741e-03 1.241010055718817437e-02 9.849024064326460451e-03
3.099999999999999645e+00 7.556095347725187705e-03 9.709321752758385063e-03 7.582868313556377464e-03
3.199999999999999289e+00 5.858223801712417016e-03 7.641211281905656121e-03 5.877186840062835656e-03
3.299999999999999378e+00 4.570620026983251635e-03 6.047455000174139540e-03 4.584007052432039798e-03
3.399999999999999467e+00 3.587345793070045863e-03 4.811703204685498225e-03 3.596744100945701260e-03
3.499999999999999112e+00 2.831496226067592350e-03 3.847895321787843815e-03 2.838037894918009341e-03
3.599999999999999201e+00 2.246816322708315369e-03 3.091958885354965676e-03 2.251311628910310312e-03
3.699999999999999289e+00 1.791848004378346609e-03 2.495882238283916952e-03 1.794878736787334887e-03
3.799999999999999378e+00 1.435816156836959567e-03 2.023459861381480922e-03 1.437801162026617219e-03
3.899999999999999467e+00 1.155716094678377326e-03 1.647220477485108331e-03 1.156957531425159861e-03
3.999999999999999112e+00 9.342363451995101082e-04 1.346195485315569967e-03 9.349524824753942340e-04
4.099999999999999645e+00 7.582662297658814042e-04 1.104287674757777667e-03 7.586148136831654537e-04
4.199999999999999289e+00 6.178157986099425732e-04 9.090712618970129850e-04 6.179107766480431297e-04
4.299999999999998934e+00 5.052286366003708694e-04 7.509037239023314469e-04 5.051521794550553396e-04
4.399999999999998579e+00 4.146041782602618610e-04 6.222644203926764846e-04 4.144153563005337909e-04
4.499999999999999112e+00 3.413709588340649000e-04 5.172591791887472300e-04 3.411120270660141125e-04
4.599999999999998757e+00 2.819693533515125160e-04 4.312470714053756441e-04 2.816703189606403757e-04
4.699999999999999289e+00 2.336142681893731512e-04 3.605576802459244329e-04 2.332962193975594704e-04
4.799999999999998934e+00 1.941165938062684347e-04 3.022757766673147867e-04 1.937941317098822397e-04
4.899999999999998579e+00 1.617481124164531778e-04 2.540764864789688687e-04 1.614311308388422764e-04
