1.000000000000000000e+00 9.906096709360816543e-01 9.885057336925349158e-01 9.906903482533151450e-01
1.500000000000000000e+00 6.972421920154496799e-01 6.843845342918298824e-01 6.988346161829858127e-01
2.000000000000000000e+00 1.952723060673577649e-01 2.009917796526688172e-01 1.963334171806169759e-01
2.500000000000000000e+00 4.046858076629792494e-02 4.662610682674879492e-02 4.067976868173348026e-02
3.000000000000000000e+00 9.811285507015802057e-03 1.241010055718815702e-02 9.849024610093575979e-03
3.500000000000000000e+00 2.831496234252180774e-03 3.847895321787837310e-03 2.838038208114398737e-03
4.000000000000000000e+00 9.342363537651203519e-04 1.346195485315567581e-03 9.349526691317466094e-04
4.500000000000000000e+00 3.413709680255976346e-04 5.172591791887460374e-04 3.411121523241162886e-04
5.000000000000000000e+00 1.351387432233798458e-04 2.140984835559228380e-04 1.348338168487133457e-04
5.500000000000000000e+00 5.707232018733013232e-05 9.414497139774587707e-05 5.685991981716989895e-05
6.000000000000000000e+00 2.542805075066326235e-05 4.353409768489032155e-05 2.529720254198602981e-05
6.500000000000000000e+00 1.185250679079357996e-05 2.100703184624128867e-05 1.177525464315710221e-05
7.000000000000000000e+00 5.742743038134942235e-06 1.051502842711993649e-05 5.697799439984571699e-06
7.500000000000000000e+00 2.877625075604778343e-06 5.433937801478571904e-06 2.851566062163004998e-06
8.000000000000000000e+00 1.485181772497254435e-06 2.888165118631219573e-06 1.470057423357251543e-06
8.500000000000000000e+00 7.868704685680043676e-07 1.573894701638744184e-06 7.780498552610451904e-07
9.000000000000000000e+00 4.267785440421815259e-07 8.770974452323386842e-07 4.216101441518168064e-07
9.500000000000000000e+00 2.364188152907815518e-07 4.987577968945169786e-07 2.333710133599479743e-07
